2023440688256565623
2023620983849185671
2023907658097639720
2023744333954916525
2023630063795667455
2022176905387258047
2022539058660925518
2023901512628347370
2023548875831742479
2022072819585339410
2023727603010380192
2023804598541033687
2021384904412697059
2024055808309244065
2020931302577315899
2023860949233574042
2023231501345734687
2022458758627226033
2022012052915786056
2023940224028377260
2022562832869659092
2023292014071271529
2023050610526814541
2023008962313163231
2023403331868406008
2024083654285078585
2024111931938750908
2023806190531100703
2021683884266508367
2023822534211428573
2023200935972114592
2021396520071987613
2023196921272455386
2024052603101839832
2024098573697126444
2023496063488061959
2022833586152636919
2023627629237059729
2023114751975510029
2022840200020271498
2022682559059247416
2023888794240581764
2022713921883275346
2022793720806985778
2022467158056538217
2021246884405215296
2023638545382985857
2021890005845905447
2021388486520004885
2020526706956652602
2023959874170757410
2023105481850687584
2021347658426875921
2023877994297913700
2023845052452323488
2022560382980616349
2023561548812210460
2023842384774135873
2020238669794406483
2022567278467031056
2024047421697688055
2022753127426842985
2022167806838813018
2023583272513474574
2024035302151455086
2023823800341557419
2024156042620268951
2023555447572361391
2023623617267839341
2022724642486542440
2023970327295148352
2023868169803509995
2022182979112677634
2023950563407204739
2021679754911588692
2023868451551613109
2022699735292019018
2022882156700119065
2023095393983381529
2024131818694357329
2023198627540423100
2023667675247841602
2022770743478751647
2023198361562792373
2023726898757411037
2021413261837730296
2020964908591194612
2022986158570082808
2022648183457771777
2023461789678100688
2022607109959893438
2023786393319907773
2023601487277150501
2024028857586614548
2022906247729615279
2023086773895917639
2022763797669167492
2023032025939083654
2024040251820224803
2024102264550342932
2023978280542429300
2023788030910468421
2024099571844944209
2022138051615666332
2023783808827265262
2020916654062858497
2022392569808986568
2021968629223371082
2023863411801727153
2023632434806632471
2022709194105749849
2023819242727149949
2023005745256755562
2023981694118678785
2022861694679351465
2023246326066974793
2023788358124859400
2023762420502827281
2023015386007183642
2020937341578448918
2022717794408706074
2023812445748555885
2023008053495558280
2021510561163628898
2023934822440112618
2022111112691691735
2023565094513504550
2021553457254318512
2023645531906408583
2023155214149112288
2023653199744561465
2023964092982088105
2022825853428625610
2023169069822697981
2023881838469796023
2023753886910259603
2023592574687006726
2023933418048758161
2023179880385720714
2022734889217376376
2022871219528503531
2022020621387911279
2023004358099505486
2023754466693153106
2022488954096812394
2022505593978974312
2023930880339943734
2022853633784893940
2023533476935500030
2023960904426020944
2022454442692677873
2023864723771666690
2022823171452473702
2022538683044278398
2024078680276750529
2023202419229004254
2021001364248408368
2022442985984766255
2024159476387893267
2023732584744673419
2022790723326623854
2023533409906122957
2022061756705911188
2024098463181365409
2023304386328281421
2023906253538222409
2021081591410295168
2023221364107206894
2023047362583957554
2021099986453172505
2023542928749326478
2023663792513839252
2023784273896149218
2023015195396678126
2021278650889318636
2023716641742418211
2022711918276833731
2023382732869623933
2023103796662907006
2022531632482423062
2020595112326385680
2023481950540124651
2023862863534919775
2021401904195260585
2020946879245320702
2021288441443430838
2023900807884591202
2024133545707377111
2023296106046631956
2022809949923897823
2023575925795807399
2023408567144091933
2023354444436603177
2023948628209909997
2023574383671820480
2023979157638513116
2022111572844548225
2023750614354980941
2023987589175292061
2022097901569323444
2023276156984725885
2021708067549671628
2023976816336081267
2024161151467098593
2023684130463248703
2023114674523558213
2024137267267194980
2021265054604128726
2023963255270420753
2023926073310708178
2022033105251635404
2020648649639051313
2022733578967109952
2021699288766546108
2023262024864764380
2022690633128010179
2023011816234983513
2024173024996450673
2023519742594597364
2023795521228583048
2023747564403601789
2021451516096524404
2021690454690214104
2022515307072622882
2022776874334851445
2024006378340102558
2022039705102299271
2023749084805558526
2023128875434496222
2022496353637515437
2023041442105733236
2024045149651599578
2023472311060582621
2022470542586986563
2023795386360754673
2024032789532901673
2023992285197750773
2021086728124236154
2022842976246874577
2022005718900163048
2023047636174209137
2023088399175819487
2022189080986234988
2021314081228239227
2023136834205966556
2023090261593846154
2021353057595052384
2023468755251306825
2023811468970651927
2022767811949371865
2023415348482211935
2023638639691899094
2024133436462518732
2022580347192680600
2023814452924023244
2022885246237397274
2023766960820154601
2022586472692334848
2023833633350615353
2023940440441958752
2022808169718685960
2024083976995094868
2023539562769690866
2023247294347223503
2023601066709778491
2023075452651483373
2023996242561216984
2022142800838402111
2023194631857422599
2023791972088168648
2023584149664375276
2021407852779463005
2024130580498038947
2023316754466754816
2022698536618594629
2023429377518932349
2023578144998125648
2023983268559733026
2022696703162487087
2022012415786029382
2021456555825328161
2023861620112584921
2024099055211594025
2022112053922869447
2023099455231471902
2023200203856379908
2022810130312515675
2020944087755653491
2022924463315259435
2023633408266478054
2022861092565708851
2022109638762869071
2022869625109901554
2023754533424513464
2021708388774842610
2023898101254066460
2023952551238926361
2023463790734700573
2022528731563118972
2023612503217852656
2023290537651187796
2023605322116460773
2023751686662353007
2022430703821164679
2023123987685880026
2022568418864460058
2023176896863760783
2022875486477779345
2022523319216754978
2023793311405011230
2023139102926012790
2023920514234744914
2023094276264177755
2020911700304617835
2022437949451964574
2023976047549583629
2021486915568996572
2023577543610142793
2022536283290243297
2023938651831382485
2023562841471741961
2020626815753375912
2021632786118193642
2023902866369351825
2023466861275607290
2023157535134371886
2023257460484558866
2023863210307449298
2024060484480016598
2023805966815318430
2022517466723946508
2021652466715209790
2023619325144584496
2023626523404612092
2022860020975644711
2023877346533806382
2022943971350065654
2023920927356915999
2022884442122101115
2023642364158325073
2022818583441469546
2023588636378173462
2023971064049500230
2023539175233122529
2022504438649455053
2023151283574858199
2023152244905193957
2024014784321253664
2022782317471625350
2024029429983326601
2022088507788017923
2023625142560071944
2023434644038078512
2024021025474666978
2021127838833967622
2023190239825822065
2021040430838841409
2022886557976612929
2022696330657939876
2023731970585301358
2022530204217020457
2024061340021674017
2022753852123156666
2021655491710267642
2022121489617600827
2023600551360164322
2023944352792216023
2022169555263467756
2021688282623750281
2021966543467557024
2024106959712968940
2022881043196580031
2021437245866266855
2023817220795621450
2023214844271595569
2023627604423508336
2023744997875408986
2021368921325211952
2023281615561244992
2022882588638031901
2023492313553797571
2023946287352049997
2023451902554652866
2023054564711366771
2023945184606601225
2023076132548173999
2021011957973950553
2024127660096450981
2022995132828807433
2022454274664370394
2023804840124575980
2023440440041586990
2023871291837845832
2022068196916994063
2022111796531015787
2022740473853677670
2021944652501528847
2023272308127731782
2023714961005109343
2023896686205001815
2023729164008718761
2024129829704970619
2021961235051565192
2023427724812132733
2023760433367466033
2023953106195861526
2021705806916280816
2023900164629688762
2023832122528854463
2023999964943093771
2022681195914682515
2021621764028268775
2023169130288001073
2021380064823398585
2024104108903563697
2021341207029481794
2023833266726596997
2022867585344127173
2023947878385774666
2023768995258675298
2022750009926545662
2022067036336132280
2023698947521282375
2022412153962270914
2024146268839145793
2023107781746905300
2022812840034226285
2022538802703552736
2021277753061015640
2023970246126608523
2023903722812682707
2023086404910108816
2023968552642920797
2020930075097694516
2023998740848128002
2023990591655219312
2024112589945319775
2022830385625727442
2024002671187739120
2022227584793424047
2023143443707445621
2023034310693933453
2023384875051495773
2022758513492275201
2022557925491839380
2021704223671693808
2022077561371770980
2023627076801114362
2023997482020008076
2023794065314377776
2023749386283716958
2024008784985678315
2024004681786421450
2021704515745947997
2023450675154481390
2024132341208101153
2022651043251917001
2023925439073485179
2021373321086910564
2023501452896072192
2023978783795982717
2023103526260658456
2023658667225346141
2023955670865703330
2023463226038530392
2023249681514438814
2022869079938515078
2022903017939571012
2021930626170204216
2022011545778274336
2023896952681767268
2023307223087382993
2024066447425880319
2024129410081644960
2023750731006869932
2023488830758941025
2022842421407830444
2020352697707446307
2023096674890268751
2021944886766055882
2023915215558148215
2022121870028681662
2022444667485446606
2023027403745116173
2022131880326488506
2023001139210489899
2022078860742078467
2023861300246573108
2022557200351387821
2022471387777056950
2023165867798691977
2023625068098596979
2022570667460211109
2023438320483921935
2023094327182856637
2024089124127277538
2021692223876722836
2023836137815708153
2022846194557554857
2022605128751009959
