2019954089048641761
2019875569211744677
2019955635794874783
2019815588244385886
2019969643356590527
2019823271240429900
2019985860108906615
2019858055480135921
2019831041566093527
2019949231499616539
2019894659452117143
2019957866933706889
2019848723820372049
2019954267918930324
2019956452002299952
2019926715372339228
2019848375114555606
2019979469835092468
2019988938312806460
2019906930919997509
2019952294314336742
2019986468731781170
2019925719355113828
2019896612235903099
2019926351101247847
2019940627342061971
2019892549033357621
2019920329422836067
2019889177379127435
2019955611274977642
2019974105340969114
2019939871524282507
2019896557496115275
2019983384605520208
2019878616973115497
2019969620367851906
2019848786147934603
2019832856076263554
2019956993444778037
2019919627422204037
2019960681106424110
2019936477040480575
